Code     Customer                Invoice        Amount        Taxes       Net Amount
------------------------------------------------------------------------------------
00006    Natasha Romanov         005071        4.896,00      1.028,16       5.924,16
00001    Peter Parker            013675       40.566,00      8.518,86      49.084,86
00001    Peter Parker            014933       15.186,00      3.189,06      18.375,06
00003    Hank Pym                017709       17.892,00      3.757,32      21.649,32
00004    Tony Stark              019275       91.383,00     19.190,43     110.573,43
00001    Peter Parker            020010        7.657,00      1.607,97       9.264,97
00009    Bruce Wayne             020361       42.360,00      8.895,60      51.255,60
00012    Conan The Cimmerian     023041       12.187,00      2.559,27      14.746,27
00003    Hank Pym                030685        3.693,00        775,53       4.468,53
00010    Doctor Manhattan        032897       73.407,00     15.415,47      88.822,47
00005    Sam Wilson              035540       33.546,00      7.044,66      40.590,66
00002    Steve Rogers            036899       46.716,00      9.810,36      56.526,36
00008    Clark Kent              037229       88.905,00     18.670,05     107.575,05
00008    Clark Kent              037654       37.592,00      7.894,32      45.486,32
00006    Natasha Romanov         038992       41.920,00      8.803,20      50.723,20
00003    Hank Pym                039839       26.051,00      5.470,71      31.521,71
00008    Clark Kent              041157       84.873,00     17.823,33     102.696,33
00009    Bruce Wayne             042973       20.471,00      4.298,91      24.769,91
00004    Tony Stark              045332       91.751,00     19.267,71     111.018,71
00010    Doctor Manhattan        050603       51.572,00     10.830,12      62.402,12
00003    Hank Pym                051006       54.865,00     11.521,65      66.386,65
00012    Conan The Cimmerian     056028       41.410,00      8.696,10      50.106,10
00007    Wanda Maximoff          057272       74.563,00     15.658,23      90.221,23
00002    Steve Rogers            057443       59.451,00     12.484,71      71.935,71
00006    Natasha Romanov         058585       76.132,00     15.987,72      92.119,72
00012    Conan The Cimmerian     060055       41.578,00      8.731,38      50.309,38
00005    Sam Wilson              063451       38.236,00      8.029,56      46.265,56
00010    Doctor Manhattan        064861       10.843,00      2.277,03      13.120,03
00006    Natasha Romanov         065029       87.171,00     18.305,91     105.476,91
00007    Wanda Maximoff          067713       76.783,00     16.124,43      92.907,43
00009    Bruce Wayne             068579       66.462,00     13.957,02      80.419,02
00002    Steve Rogers            069909       20.812,00      4.370,52      25.182,52
00005    Sam Wilson              070691       34.653,00      7.277,13      41.930,13
00001    Peter Parker            071452       39.601,00      8.316,21      47.917,21
00010    Doctor Manhattan        087055       63.660,00     13.368,60      77.028,60
00007    Wanda Maximoff          090192       13.709,00      2.878,89      16.587,89
00002    Steve Rogers            092620       43.601,00      9.156,21      52.757,21
00011    Red Sonja               093248       70.289,00     14.760,69      85.049,69
00012    Conan The Cimmerian     093956       39.912,00      8.381,52      48.293,52
00011    Red Sonja               096497       34.272,00      7.197,12      41.469,12
